5521159004662980|05|2024|321
5521157100033072|08|2026|978
5521154006292738|05|2024|877
5521152790131997|07|2026|080
5521154001021033|07|2024|185
5521154008449112|07|2027|770
5521154009524491|10|2026|790
5521154006604429|05|2026|466
5521153302599259|12|2024|790
5521154006329001|05|2024|486
5521159090246896|07|2026|104
5521154006840023|11|2024|123
5521154007586773|04|2026|882
5521154000782015|04|2024|610
5521154005690387|11|2026|167
5521159005531408|09|2027|454
5521154001700396|03|2026|248
5521154001937469|05|2024|016
5521154000327415|01|2028|553
5521154002021354|06|2028|203
5521153300850027|05|2024|850
5521154008581542|11|2026|615
5521159002919135|03|2025|841
5521154005127703|05|2024|893
5521159005568509|10|2028|489
5521154005173723|07|2024|942
5521151500024575|06|2026|960
5521154006857175|10|2024|146
5521159002833880|01|2024|822
5521153301577827|05|2024|909
5521152702674597|05|2028|355
5521154008344370|12|2031|609
5521154007696036|07|2026|841
5521157200011135|11|2025|987
5521154008578506|08|2027|855
5521159004718584|05|2026|420
5521154008804548|09|2026|204
5521154008865168|01|2029|491
5521159003439406|07|2026|647
5521154008806501|01|2027|885
5521154004993824|05|2027|022
5521154008273553|05|2027|695
5521154005639681|05|2024|836
5521154004309583|10|2027|691
5521154006468502|07|2024|859
5521154000642037|10|2025|640
5521159003252684|05|2024|204
5521153304259274|06|2026|865
5521159003875435|06|2024|786
5521159004040575|11|2024|726
5521154090214879|01|2026|036
5521154009273065|08|2028|948
5521159004700137|05|2026|200
5521159004521301|08|2024|737
5521153301397093|12|2025|981
5521154008436077|05|2030|800
5521154000549919|07|2025|613
5521154005576669|02|2026|309
5521154000031066|08|2024|529
5521154008533253|04|2026|087
5521154000870182|06|2024|124
5521154008257531|06|2026|892
5521154008873618|10|2032|906
5521154008516027|08|2027|209
5521154001762065|05|2026|488
5521154009517750|11|2026|784
5521159005506954|03|2025|281
5521159003574236|04|2024|274
5521154008361226|10|2025|974
5521153300820830|05|2024|191
5521159091572233|12|2027|623
5521154005407428|08|2025|609
5521154002595019|06|2025|737
5521154007605284|05|2026|330
5521154008436317|07|2027|304
5521159003504662|09|2025|828
5521159003577650|08|2029|673
5521152700433343|10|2028|795
5521159004611730|06|2025|314
5521154005330646|03|2025|506
5521154008617569|09|2027|546
5521153200002026|07|2026|289
5521154002689028|08|2025|440
5521159090207971|12|2025|877
5521154009315247|12|2023|410
5521154005060532|04|2023|894
5521152702485564|03|2028|567
5521154008493086|08|2029|986
5521159002897695|08|2026|035
5521154007731650|08|2026|736
5521159091579212|09|2026|359
5521154005202175|04|2024|316
5521153305064442|05|2024|353
5521152701494666|01|2029|597
5521152700955592|11|2026|469
5521159004582667|09|2024|716
5521154000168637|01|2027|533
5521154005257542|05|2024|656
5521159090573141|04|2024|401
5521154004108712|08|2027|084
5521154007549920|03|2026|896
5521154007659711|06|2026|252
5521152701249987|10|2029|487
5521153305409720|09|2028|419
5521154008667168|02|2027|764
5521154004538256|11|2027|092
5521154008088167|03|2027|450
5521153304310275|03|2026|541
5521153301884843|01|2024|652
5521154000532725|04|2025|026
5521154008444576|03|2025|972
5521152700504630|10|2026|241
5521154007478906|01|2026|580
5521153302790288|07|2024|577
5521154005872456|09|2028|330
5521159002192378|04|2025|063
5521154008294864|05|2027|539
5521154007352275|07|2025|230
5521159002273137|05|2024|408
5521154007114956|04|2028|610
5521154008443008|07|2025|531
5521152701441022|01|2028|304
5521152702677855|04|2028|102
5521159004787258|04|2029|840
5521154002275539|08|2026|439
5521154007688900|07|2026|286
5521159004702851|05|2026|684
5521153300891468|06|2024|671
5521154008992616|10|2030|246
5521154003779638|05|2027|490
5521154008356861|06|2027|471
5521154007784741|09|2026|056
5521154009540547|08|2027|097
5521154002766222|03|2024|866
5521159002899907|08|2026|877
5521159003103259|12|2025|504
5521154002706954|06|2025|995
5521159004486265|05|2024|180
5521159004799667|09|2025|800
5521159002872086|11|2026|387
5521154006357796|05|2024|874
5521159004697846|03|2025|355
5521159001781775|05|2026|340
5521154008094322|03|2027|449
5521152701402735|05|2024|969
5521154002018541|10|2024|865
5521154006221299|04|2024|893
5521154006432656|07|2029|251
5521154006989457|11|2024|230

5521154001163041|09|2024|867
552115407952546|12|2026|492
5521159004705201|12|2029|312
5521159003599308|04|2029|294
5521152702680107|04|2028|288
5521153303778548|10|2027|972
5521154002584799|06|2026|644
5521154002091167|07|2026|749
5521154008442919|12|2027|291
5521152702692185|04|2028|996
5521154008025045|06|2028|726
5521159005459816|06|2026|971
5521154008118030|05|2030|398
5521153300615735|07|2026|275
5521154005693795|10|2026|750
5521154007500592|02|2026|987
5521154007851342|10|2026|445
5521154000793038|04|2024|315
5521154007688942|07|2026|312
5521159001806994|02|2026|352
5521159004277011|06|2024|154
5521153305326882|01|2026|859
5521154007958519|12|2026|893
5521159004718600|12|2025|019
5521159001194706|12|2025|658
5521159005470078|09|2027|575
5521153301129868|05|2024|508
5521154006329662|05|2024|064
5521159004759851|10|2026|919
5521159001662652|07|2026|858
5521154008751467|10|2027|288
5521159005457422|06|2026|230
5521151902780733|06|2028|906
5521159004747997|09|2026|102
5521153305455269|10|2028|646
5521154007900636|11|2026|346
5521154005584739|03|2025|724
5521154005530203|09|2023|979
5521153302835984|06|2026|771
5521159004805787|06|2027|277
5521154008332300|01|2027|702
5521153305262988|06|2027|915
5521153303201970|11|2026|901
5521153304098656|05|2024|473
5521153305356509|12|2027|704
5521152701441600|10|2028|409
5521153301628869|05|2024|276
5521154008117552|03|2027|601
5521154005685635|05|2026|473
5521154007544483|03|2026|356
5521159004788439|07|2026|911
5521159001535916|12|2025|223
5521159001499667|09|2025|525
5521154008437950|10|2029|640
5521154008851101|05|2027|004
5521159004716661|04|2029|487
5521154006879666|10|2024|600
5521153304154376|12|2024|597